
y =

  Columns 1 through 13

    -1    -3    -3    -3    -3    -1     3     8    11    14    13    10     3

  Columns 14 through 16

    -2    -3    -1

